0.25 0.25 0.25 0.25 0.25 0.25 0.25 0.25 0.25 0.25 0.25 0.25 0.25 0.25 0.25 0.25 
0.0282754399607 -0.347331391983 -0.464500572562 -0.0888937406174 0.241660017087 -0.133946814857 -0.251115995435 0.124490836509 0.464500572562 0.0888937406174 -0.0282754399607 0.347331391983 0.251115995435 -0.124490836509 -0.241660017087 0.133946814857 
0.497672047451 0.251015591307 0.0404150948813 0.287071551025 0.224204836601 -0.0224516195427 -0.233052115969 0.0136043401749 -0.0404150948813 -0.287071551025 -0.497672047451 -0.251015591307 0.233052115969 -0.0136043401749 -0.224204836601 0.0224516195427 
-0.0103617582503 -0.110803097972 0.0715155253349 0.171956865057 0.279062581061 0.178621241339 0.360939864646 0.461381204369 -0.0715155253349 -0.171956865057 0.0103617582503 0.110803097972 -0.360939864646 -0.461381204369 -0.279062581061 -0.178621241339 
0.0376253458049 0.232539782711 -0.165805210509 -0.360719647415 0.251906139738 0.446820576644 0.0484755834241 -0.146438853482 0.165805210509 0.360719647415 -0.0376253458049 -0.232539782711 -0.0484755834241 0.146438853482 -0.251906139738 -0.446820576644 
-0.00208294252559 0.00116770008619 0.115569798444 0.135397644684 -0.289703986172 -0.477745756338 0.153138641401 0.36425890042 0.115569798444 0.135397644684 -0.00208294252559 0.00116770008619 0.153138641401 0.36425890042 -0.289703986172 -0.477745756338 
-0.0040127043599 -0.373324056477 0.181695291221 -0.239695742035 0.129002011602 -0.0473350795701 0.48401778691 -0.130347507291 0.181695291221 -0.239695742035 -0.0040127043599 -0.373324056477 0.48401778691 -0.130347507291 0.129002011602 -0.0473350795701 





0.235143505937 0.430996526525 -0.0584966387766 -0.467342321198 -0.0816068600529 -0.110051958658 0.117952654727 -0.0665949085028 -0.0584966387766 -0.467342321198 0.235143505937 0.430996526525 0.117952654727 -0.0665949085028 -0.0816068600529 -0.110051958658 
0.565381967813 -0.180794463509 -0.192804749636 0.195170696623 0.0293311797422 -0.17595003236 -0.0437074128564 -0.196627185817 -0.192804749636 0.195170696623 0.565381967813 -0.180794463509 -0.0437074128564 -0.196627185817 0.0293311797422 -0.17595003236 
-0.000867171678392 -0.0473200741228 -0.442606809164 0.0510453649529 -0.308751838015 0.300952405556 0.305026547185 0.142521575287 -0.442606809164 0.0510453649529 -0.000867171678392 -0.0473200741228 0.305026547185 0.142521575287 -0.308751838015 0.300952405556 
0.00543779868213 -0.122245458015 -0.30353603919 -0.200268204609 0.414225042952 -0.104288947838 -0.091711380328 0.402387188346 -0.30353603919 -0.200268204609 0.00543779868213 -0.122245458015 -0.091711380328 0.402387188346 0.414225042952 -0.104288947838 
