0 1 -1.0 1.5
1 0 -1.0 1.5
0 2 -1.0 1.5
2 0 -1.0 1.5
0 20 1.0 -1.5
20 0 1.0 -1.5
0 28 -1.0 1.3
28 0 -1.0 1.3
1 0 -1.0 1.5
0 1 -1.0 1.5
1 2 1.0 -1.3
2 1 1.0 -1.3
1 3 -1.0 1.5
3 1 -1.0 1.5
1 23 1.0 -1.3
23 1 1.0 -1.3
2 0 1.0 -1.5
0 2 1.0 -1.5
2 1 1.0 -1.3
1 2 1.0 -1.3
2 6 1.0 -1.5
6 2 1.0 -1.5
2 34 -1.0 1.5
34 2 -1.0 1.5
3 1 -1.0 1.5
1 3 -1.0 1.5
3 4 -1.0 1.3
4 3 -1.0 1.3
3 5 -1.0 1.5
5 3 -1.0 1.5
3 23 1.0 -1.5
23 3 1.0 -1.5
4 3 -1.0 1.3
3 4 -1.0 1.3
4 5 -1.0 1.5
5 4 -1.0 1.5
4 24 -1.0 1.3
24 4 -1.0 1.3
4 44 1.0 -1.5
44 4 1.0 -1.5
5 3 -1.0 1.5
3 5 -1.0 1.5
5 4 -1.0 1.5
4 5 -1.0 1.5
5 7 -1.0 1.3
7 5 -1.0 1.3
5 9 -1.0 1.5
9 5 -1.0 1.5
6 2 -1.0 1.5
2 6 -1.0 1.5
6 7 -1.0 1.5
7 6 -1.0 1.5
6 8 -1.0 1.5
8 6 -1.0 1.5
6 34 -1.0 1.3
34 6 -1.0 1.3
7 5 -1.0 1.3
5 7 -1.0 1.3
7 6 -1.0 1.5
6 7 -1.0 1.5
7 8 1.0 -1.3
8 7 1.0 -1.3
7 9 -1.0 1.5
9 7 -1.0 1.5
8 6 1.0 -1.5
6 8 1.0 -1.5
8 7 1.0 -1.3
7 8 1.0 -1.3
8 12 1.0 -1.5
12 8 1.0 -1.5
8 40 -1.0 1.5
40 8 -1.0 1.5
9 5 -1.0 1.5
5 9 -1.0 1.5
9 7 -1.0 1.5
7 9 -1.0 1.5
9 10 -1.0 1.3
10 9 -1.0 1.3
9 11 -1.0 1.5
11 9 -1.0 1.5
10 9 -1.0 1.3
9 10 -1.0 1.3
10 11 -1.0 1.5
11 10 -1.0 1.5
10 26 -1.0 1.5
26 10 -1.0 1.5
10 30 -1.0 1.3
30 10 -1.0 1.3
11 9 -1.0 1.5
9 11 -1.0 1.5
11 10 -1.0 1.5
10 11 -1.0 1.5
11 13 -1.0 1.3
13 11 -1.0 1.3
11 15 -1.0 1.5
15 11 -1.0 1.5
12 8 -1.0 1.5
8 12 -1.0 1.5
12 13 -1.0 1.5
13 12 -1.0 1.5
12 14 -1.0 1.5
14 12 -1.0 1.5
12 40 -1.0 1.3
40 12 -1.0 1.3
13 11 -1.0 1.3
11 13 -1.0 1.3
13 12 -1.0 1.5
12 13 -1.0 1.5
13 14 1.0 -1.3
14 13 1.0 -1.3
13 15 -1.0 1.5
15 13 -1.0 1.5
14 12 1.0 -1.5
12 14 1.0 -1.5
14 13 1.0 -1.3
13 14 1.0 -1.3
14 18 1.0 -1.5
18 14 1.0 -1.5
14 46 -1.0 1.5
46 14 -1.0 1.5
15 11 -1.0 1.5
11 15 -1.0 1.5
15 13 -1.0 1.5
13 15 -1.0 1.5
15 16 -1.0 1.3
16 15 -1.0 1.3
15 17 -1.0 1.5
17 15 -1.0 1.5
16 15 -1.0 1.3
15 16 -1.0 1.3
16 17 -1.0 1.5
17 16 -1.0 1.5
16 32 -1.0 1.5
32 16 -1.0 1.5
16 36 -1.0 1.3
36 16 -1.0 1.3
17 15 -1.0 1.5
15 17 -1.0 1.5
17 16 -1.0 1.5
16 17 -1.0 1.5
17 19 -1.0 1.3
19 17 -1.0 1.3
17 21 -1.0 1.5
21 17 -1.0 1.5
18 14 -1.0 1.5
14 18 -1.0 1.5
18 19 -1.0 1.5
19 18 -1.0 1.5
18 20 -1.0 1.5
20 18 -1.0 1.5
18 46 -1.0 1.3
46 18 -1.0 1.3
19 17 -1.0 1.3
17 19 -1.0 1.3
19 18 -1.0 1.5
18 19 -1.0 1.5
19 20 1.0 -1.3
20 19 1.0 -1.3
19 21 -1.0 1.5
21 19 -1.0 1.5
20 0 1.0 -1.5
0 20 1.0 -1.5
20 18 1.0 -1.5
18 20 1.0 -1.5
20 19 1.0 -1.3
19 20 1.0 -1.3
20 28 1.0 -1.5
28 20 1.0 -1.5
21 17 -1.0 1.5
17 21 -1.0 1.5
21 19 -1.0 1.5
19 21 -1.0 1.5
21 22 -1.0 1.3
22 21 -1.0 1.3
21 23 -1.0 1.5
23 21 -1.0 1.5
22 21 -1.0 1.3
21 22 -1.0 1.3
22 23 -1.0 1.5
23 22 -1.0 1.5
22 38 -1.0 1.5
38 22 -1.0 1.5
22 42 -1.0 1.3
42 22 -1.0 1.3
23 1 1.0 -1.3
1 23 1.0 -1.3
23 3 1.0 -1.5
3 23 1.0 -1.5
23 21 -1.0 1.5
21 23 -1.0 1.5
23 22 -1.0 1.5
22 23 -1.0 1.5
24 4 -1.0 1.3
4 24 -1.0 1.3
24 25 -1.0 1.5
25 24 -1.0 1.5
24 26 -1.0 1.5
26 24 -1.0 1.5
24 44 1.0 -1.5
44 24 1.0 -1.5
25 24 -1.0 1.5
24 25 -1.0 1.5
25 26 1.0 -1.3
26 25 1.0 -1.3
25 27 -1.0 1.5
27 25 -1.0 1.5
25 47 1.0 -1.3
47 25 1.0 -1.3
26 10 -1.0 1.5
10 26 -1.0 1.5
26 24 1.0 -1.5
24 26 1.0 -1.5
26 25 1.0 -1.3
25 26 1.0 -1.3
26 30 1.0 -1.5
30 26 1.0 -1.5
27 25 -1.0 1.5
25 27 -1.0 1.5
27 28 -1.0 1.3
28 27 -1.0 1.3
27 29 -1.0 1.5
29 27 -1.0 1.5
27 47 1.0 -1.5
47 27 1.0 -1.5
28 0 -1.0 1.3
0 28 -1.0 1.3
28 20 1.0 -1.5
20 28 1.0 -1.5
28 27 -1.0 1.3
27 28 -1.0 1.3
28 29 -1.0 1.5
29 28 -1.0 1.5
29 27 -1.0 1.5
27 29 -1.0 1.5
29 28 -1.0 1.5
28 29 -1.0 1.5
29 31 -1.0 1.3
31 29 -1.0 1.3
29 33 -1.0 1.5
33 29 -1.0 1.5
30 10 -1.0 1.3
10 30 -1.0 1.3
30 26 -1.0 1.5
26 30 -1.0 1.5
30 31 -1.0 1.5
31 30 -1.0 1.5
30 32 -1.0 1.5
32 30 -1.0 1.5
31 29 -1.0 1.3
29 31 -1.0 1.3
31 30 -1.0 1.5
30 31 -1.0 1.5
31 32 1.0 -1.3
32 31 1.0 -1.3
31 33 -1.0 1.5
33 31 -1.0 1.5
32 16 -1.0 1.5
16 32 -1.0 1.5
32 30 1.0 -1.5
30 32 1.0 -1.5
32 31 1.0 -1.3
31 32 1.0 -1.3
32 36 1.0 -1.5
36 32 1.0 -1.5
33 29 -1.0 1.5
29 33 -1.0 1.5
33 31 -1.0 1.5
31 33 -1.0 1.5
33 34 -1.0 1.3
34 33 -1.0 1.3
33 35 -1.0 1.5
35 33 -1.0 1.5
34 2 -1.0 1.5
2 34 -1.0 1.5
34 6 -1.0 1.3
6 34 -1.0 1.3
34 33 -1.0 1.3
33 34 -1.0 1.3
34 35 -1.0 1.5
35 34 -1.0 1.5
35 33 -1.0 1.5
33 35 -1.0 1.5
35 34 -1.0 1.5
34 35 -1.0 1.5
35 37 -1.0 1.3
37 35 -1.0 1.3
35 39 -1.0 1.5
39 35 -1.0 1.5
36 16 -1.0 1.3
16 36 -1.0 1.3
36 32 -1.0 1.5
32 36 -1.0 1.5
36 37 -1.0 1.5
37 36 -1.0 1.5
36 38 -1.0 1.5
38 36 -1.0 1.5
37 35 -1.0 1.3
35 37 -1.0 1.3
37 36 -1.0 1.5
36 37 -1.0 1.5
37 38 1.0 -1.3
38 37 1.0 -1.3
37 39 -1.0 1.5
39 37 -1.0 1.5
38 22 -1.0 1.5
22 38 -1.0 1.5
38 36 1.0 -1.5
36 38 1.0 -1.5
38 37 1.0 -1.3
37 38 1.0 -1.3
38 42 1.0 -1.5
42 38 1.0 -1.5
39 35 -1.0 1.5
35 39 -1.0 1.5
39 37 -1.0 1.5
37 39 -1.0 1.5
39 40 -1.0 1.3
40 39 -1.0 1.3
39 41 -1.0 1.5
41 39 -1.0 1.5
40 8 -1.0 1.5
8 40 -1.0 1.5
40 12 -1.0 1.3
12 40 -1.0 1.3
40 39 -1.0 1.3
39 40 -1.0 1.3
40 41 -1.0 1.5
41 40 -1.0 1.5
41 39 -1.0 1.5
39 41 -1.0 1.5
41 40 -1.0 1.5
40 41 -1.0 1.5
41 43 -1.0 1.3
43 41 -1.0 1.3
41 45 -1.0 1.5
45 41 -1.0 1.5
42 22 -1.0 1.3
22 42 -1.0 1.3
42 38 -1.0 1.5
38 42 -1.0 1.5
42 43 -1.0 1.5
43 42 -1.0 1.5
42 44 -1.0 1.5
44 42 -1.0 1.5
43 41 -1.0 1.3
41 43 -1.0 1.3
43 42 -1.0 1.5
42 43 -1.0 1.5
43 44 1.0 -1.3
44 43 1.0 -1.3
43 45 -1.0 1.5
45 43 -1.0 1.5
44 4 1.0 -1.5
4 44 1.0 -1.5
44 24 1.0 -1.5
24 44 1.0 -1.5
44 42 1.0 -1.5
42 44 1.0 -1.5
44 43 1.0 -1.3
43 44 1.0 -1.3
45 41 -1.0 1.5
41 45 -1.0 1.5
45 43 -1.0 1.5
43 45 -1.0 1.5
45 46 -1.0 1.3
46 45 -1.0 1.3
45 47 -1.0 1.5
47 45 -1.0 1.5
46 14 -1.0 1.5
14 46 -1.0 1.5
46 18 -1.0 1.3
18 46 -1.0 1.3
46 45 -1.0 1.3
45 46 -1.0 1.3
46 47 -1.0 1.5
47 46 -1.0 1.5
47 25 1.0 -1.3
25 47 1.0 -1.3
47 27 1.0 -1.5
27 47 1.0 -1.5
47 45 -1.0 1.5
45 47 -1.0 1.5
47 46 -1.0 1.5
46 47 -1.0 1.5
